{
 "cells": [
  {
   "cell_type": "code",
   "execution_count": null,
   "id": "85b9c745",
   "metadata": {},
   "outputs": [],
   "source": [
    "# install Google OR Tools\n",
    "# %pip install ortools"
   ]
  },
  {
   "cell_type": "code",
   "execution_count": 17,
   "id": "3fcd2b60",
   "metadata": {},
   "outputs": [],
   "source": [
    "# import modules\n",
    "from ortools.constraint_solver import pywrapcp, routing_enums_pb2"
   ]
  },
  {
   "cell_type": "code",
   "execution_count": 21,
   "id": "8f4c0dfa",
   "metadata": {},
   "outputs": [],
   "source": [
    "# stores the data for the problem\n",
    "def create_data_model():\n",
    "    data = {}\n",
    "    data[\"distance_matrix\"] = [\n",
    "        [0, 2451, 713, 1018, 1631, 1374, 2408, 213, 2571, 875, 1420, 2145, 1972],\n",
    "        [2451, 0, 1745, 1524, 831, 1240, 959, 2596, 403, 1589, 1374, 357, 579],\n",
    "        [713, 1745, 0, 355, 920, 803, 1737, 851, 1858, 262, 940, 1453, 1260],\n",
    "        [1018, 1524, 355, 0, 700, 862, 1395, 1123, 1584, 466, 1056, 1280, 987],\n",
    "        [1631, 831, 920, 700, 0, 663, 1021, 1769, 949, 796, 879, 586, 371],\n",
    "        [1374, 1240, 803, 862, 663, 0, 1681, 1551, 1765, 547, 225, 887, 999],\n",
    "        [2408, 959, 1737, 1395, 1021, 1681, 0, 2493, 678, 1724, 1891, 1114, 701],\n",
    "        [213, 2596, 851, 1123, 1769, 1551, 2493, 0, 2699, 1038, 1605, 2300, 2099],\n",
    "        [2571, 403, 1858, 1584, 949, 1765, 678, 2699, 0, 1744, 1645, 653, 600],\n",
    "        [875, 1589, 262, 466, 796, 547, 1724, 1038, 1744, 0, 679, 1272, 1162],\n",
    "        [1420, 1374, 940, 1056, 879, 225, 1891, 1605, 1645, 679, 0, 1017, 1200],\n",
    "        [2145, 357, 1453, 1280, 586, 887, 1114, 2300, 653, 1272, 1017, 0, 504],\n",
    "        [1972, 579, 1260, 987, 371, 999, 701, 2099, 600, 1162, 1200, 504, 0],\n",
    "    ]\n",
    "    data[\"num_vehicles\"] = 2\n",
    "    data[\"depot\"] = 0\n",
    "    return data"
   ]
  },
  {
   "cell_type": "code",
   "execution_count": 22,
   "id": "ed04254b",
   "metadata": {},
   "outputs": [],
   "source": [
    "# print the solution details        \n",
    "def print_solution(manager, routing, solution):\n",
    "    print(f\"Objective: {solution.ObjectiveValue()} miles\")\n",
    "    index = routing.Start(0)\n",
    "    plan_output = \"Route for Vehicle 0: \\n\"\n",
    "    route_distance = 0\n",
    "    while not routing.IsEnd(index):\n",
    "        plan_output += f\" {manager.IndexToNode(index)} ->\"\n",
    "        previous_index = index\n",
    "        index = solution.Value(routing.NextVar(index))\n",
    "        route_distance += routing.GetArcCostForVehicle(previous_index, index, 0)\n",
    "    plan_output += f\" {manager.IndexToNode(index)}\\n\"\n",
    "    plan_output += f\"Route Distance: {route_distance} miles\"\n",
    "    print(plan_output)"
   ]
  },
  {
   "cell_type": "code",
   "execution_count": 24,
   "id": "28861c2f",
   "metadata": {},
   "outputs": [
    {
     "name": "stdout",
     "output_type": "stream",
     "text": [
      "Objective: 7293 miles\n",
      "Route for Vehicle 0: \n",
      " 0 -> 7 -> 2 -> 3 -> 4 -> 12 -> 6 -> 8 -> 1 -> 11 -> 10 -> 5 -> 9 -> 0\n",
      "Route Distance: 7293 miles\n"
     ]
    }
   ],
   "source": [
    "# main program\n",
    "def main():\n",
    "    # create the model\n",
    "    data = create_data_model()\n",
    "    # create the routing index manager\n",
    "    manager = pywrapcp.RoutingIndexManager(\n",
    "        len(data[\"distance_matrix\"]), data[\"num_vehicles\"], data[\"depot\"],\n",
    "    )\n",
    "    # create the routing model\n",
    "    routing = pywrapcp.RoutingModel(manager)\n",
    "    # distance callback - takes any pair of locations and returns the distance between them\n",
    "    def distance_callback(from_index, to_index):\n",
    "        # convert from routing variable Index to distance matrix NodeIndex\n",
    "        from_node = manager.IndexToNode(from_index)\n",
    "        to_node = manager.IndexToNode(to_index)\n",
    "        return data[\"distance_matrix\"][from_node][to_node]\n",
    "    # callback and registers it with the solver as transit_callback_index\n",
    "    transit_callback_index = routing.RegisterTransitCallback(distance_callback)\n",
    "    # set the cost of travel -> In this example, distance between them\n",
    "    routing.SetArcCostEvaluatorOfAllVehicles(transit_callback_index)\n",
    "    # sets the first solution strategy to PATH_CHEAPEST_ARC, which creates \n",
    "    # an initial route for the solver by repeatedly adding edges with the least weight \n",
    "    # that don't lead to a previously visited node (other than the depot)\n",
    "    search_parameters = pywrapcp.DefaultRoutingSearchParameters()\n",
    "    search_parameters.first_solution_strategy = ( \n",
    "        routing_enums_pb2.FirstSolutionStrategy.PATH_CHEAPEST_ARC \n",
    "    )\n",
    "    # run the solver\n",
    "    solution = routing.SolveWithParameters(search_parameters)\n",
    "    # print the solution\n",
    "    if solution:\n",
    "        print_solution(manager, routing, solution)\n",
    "\n",
    "if __name__ == \"__main__\":\n",
    "    main()"
   ]
  }
 ],
 "metadata": {
  "kernelspec": {
   "display_name": "Python 3",
   "language": "python",
   "name": "python3"
  },
  "language_info": {
   "codemirror_mode": {
    "name": "ipython",
    "version": 3
   },
   "file_extension": ".py",
   "mimetype": "text/x-python",
   "name": "python",
   "nbconvert_exporter": "python",
   "pygments_lexer": "ipython3",
   "version": "3.12.5"
  }
 },
 "nbformat": 4,
 "nbformat_minor": 5
}
